真实值 预测值 2021-05-29 00:00 到 2021-06-09 10:00

0.2763880317525481 0.2749028110742723
0.22940817894520774 0.2195805760565404
0.22025625847641117 0.22060665916312977
0.21720561832014565 0.2179225042414522
0.2196461332447324 0.18763597742633176
0.22391702386435547 0.21598493711688493
0.2242220934791307 0.15244856252818828
0.22452714909603425 0.22394189847233845
0.40451494631144325 0.4029212509754928
0.27608299013351617 0.2757048633500952
0.2840146321432119 0.28623894652519166
0.2773032405968737 0.28116268725306326
0.2785234910602313 0.1931386163107876
0.35936548319701084 0.371456517590594
0.5536913003451651 0.5514973301410387
0.29530201191969163 0.29692479435168206
0.47925565813569176 0.28444566313044206
0.4704087792859271 0.472725391133481
0.34075657264464254 0.3386682199118491
0.19768151292132333 0.19380364225608765
0.19035998214543476 0.19229299604272942
0.17602196221268948 0.17837538953908874
0.17602196221268948 0.17225475066772872
0.10433191154151393 0.10863970186079513
0.10433191154151393 0.10314458941020979
0.10433191154151393 0.053088183956712776
0.10433191154151393 0.10359251921593618
0.10433191154151393 0.106641027303508
0.10433191154151393 0.10298663467845048
0.10433191154151393 0.10399236480732188
0.10433191154151393 0.10825812996867043
0.11439902685676448 0.11322252370729097
0.14856620080629981 0.1517341521667245
0.26601586082039397 0.2632440895759337
0.21659549308846687 0.2183060442604
0.21720561832014565 0.22166866168078325
0.22635753878894221 0.22623039286843125
0.3239780517851822 0.3234775985057928
0.5838926042973018 0.5099420282433587
0.5787065048333531 0.5756568010168486
0.38468578529571734 0.38620716897243174
0.3886516063005652 0.3856360334746622
0.4295302067911178 0.21840226786524633
0.36455155466521627 0.36226435980926536
0.3727882942854305 0.3739105019374198
0.2712019602843427 0.270970360687136
0.23917023864355472 0.2427184312432356
0.19493594237983303 0.19674472412144456
0.19493594237983303 0.192018100034087
0.19493594237983303 0.19379704457770308
0.19493594237983303 0.2108125548823777
0.19493594237983303 0.19044164097662536
0.1982916381530021 0.20136195888632571
0.40756558646770874 0.40918175722022926
0.7104942267738075 0.7075017174027594
0.44813911734348616 0.4468319866368453
0.31848688270645825 0.3145290248106596
0.22574741355726344 0.22436146269586327
0.20134227830926762 0.24798150688373344
0.4008541949213706 0.4023613539972393
0.39200731607160594 0.392882180279679
0.4292251371763426 0.42788387770107617
0.3926174553011564 0.39656085095153826
0.2312385686381157 0.22832282074574606
0.32641855271189724 0.2751039490693772
0.24405124049698493 0.24473975234284273
0.24405124049698493 0.24359480413091583
0.47620501797942627 0.4483192947159158
0.2943868310711093 0.3740494218760996
0.14643075549648826 0.1444915634153762
0.14643075549648826 0.14652807935863557
0.14643075549648826 0.1441181450986174
0.14643075549648826 0.14530166065777514
0.14643075549648826 0.14898604811547497
0.14643075549648826 0.15015795409829044
0.14643075549648826 0.14601242118076177
0.16961562628325488 0.16901706168738953
0.2858450218361199 0.28353488144965355
0.31848688270645825 0.3175134504747883
0.45027454865542604 0.22905479158196557
0.11714460439719061 0.1503700428382525
0.15009152088443256 0.2196816491605814
0.21903599401518198 0.2153907312605597
0.2535082305805567 0.25385516802404334
0.2794386719088136 0.28175726236219234
0.2608297893521886 0.2576597591671433
0.1836485626033533 0.1850685601660688
0.17236119682474518 0.17516577122037652
0.23337401394792726 0.2363489297106831
0.22269677340099792 0.32034677769456615
0.0973154363825289 0.09609647436081972
0.0973154363825289 0.09888140583706101
0.10463697415735332 0.10536664067622556
0.10463697415735332 0.10563259330805774
0.10463697415735332 0.11557474836982906
0.10463697415735332 0.10490157783903284
0.10463697415735332 0.12968360791316952
0.10463697415735332 0.10647230566908869
0.10463697415735332 0.10670005364535848
0.14154972564731477 0.1400478873670784
0.35295913326970463 0.3523506432992126
0.3682123340510322 0.3638888017759794
0.4014643061551777 0.4038015468798803
0.34624771372762314 0.3438244638253633
0.4646125685881713 0.3157755046410591
0.5244051212501242 0.5037311385388867
0.6086028231579445 0.6083180316399504
0.48596707767777325 0.4837901782137246
0.47773033805755905 0.47626393425552116
0.18273338175477094 0.1827682554498999
0.18273338175477094 0.29420792478770785
0.21171446323929338 0.21320700050806543
0.21171446323929338 0.20993205996964992
0.3572300238893277 0.35786508782339543
0.2666260000499444 0.2648279167845673
0.09945088869127627 0.10102374243387865
0.09945088869127627 0.20335600619522068
0.09945088869127627 0.1000502457240714
0.09945088869127627 0.10180215732525191
0.09945088869127627 0.144473389396867
0.09945088869127627 0.09725646045826403
0.09945088869127627 0.1015898307396706
0.12751677532934472 0.1272048292200352
0.24984747919048406 0.24673810791270792
0.26052471973741337 0.2593275540064396
0.4524100079631092 0.4540210369684573
0.21873093839827842 0.21751110075149274
0.21873093839827842 0.4189061450909577
0.506101280312531 0.5058750309880111
0.42007321670754605 0.39669273964784063
0.25503355065868943 0.26271441974298737
0.19371567791860383 0.11765391675641146
0.16534472166576017 0.16681023344312634
0.18273338175477094 0.18277043752538946
0.18273338175477094 0.17997295338048883
0.27577792051874095 0.27679829597699335
0.2968273319978244 0.29963173263919163
0.10402684892567454 0.10199177213999444
0.10402684892567454 0.10710103286684644
0.10402684892567454 0.10586050464562918
0.10402684892567454 0.10553916091848609
0.10402684892567454 0.1087505812369026
0.10402684892567454 0.13909147059376004
0.10402684892567454 0.10285765982781667
0.4081757256972592 0.18956079532204265
0.2406955587216875 0.24405122161176657
0.42556435779052665 0.4245680127713587
0.4798657973652422 0.48035060430796245
0.40268455661853525 0.40247172537846004
1.0 0.5781768417989513
0.2458816301898929 0.24759442593672892
0.272117141132925 0.27091312243272003
0.2107992683928394 0.4091335977368864
0.17846247713727623 0.17607803033551875
0.12385600994140043 0.1227846718659524
0.1287370397905739 0.12822210494114994
0.1287370397905739 0.16137167342309325
0.1287370397905739 0.12699459209456454
0.1323978051785182 0.13099897581437406
0.1372788350276917 0.1370077448448136
0.1372788350276917 0.19706669933989335
0.1372788350276917 0.13729792129106538
0.1372788350276917 0.14014403730391334
0.1372788350276917 0.13708083527172493
0.1372788350276917 0.1383634427245597
0.1372788350276917 0.141451406099761
0.23978034987736185 0.23915421356342176
0.1217205646315889 0.12321472548643267
0.4231238568638116 0.3549890131781467
0.4334960277959657 0.4296883655796611
0.4383770576451392 0.44633980287655617
0.15771812127509635 0.15503542436241174
0.30872482300811127 0.3064371284091417
0.41244661631688223 0.41347135285928394
0.4612568588171306 0.46437297105601505
0.1955460676115118 0.19881645906721676
0.14338011534022274 0.14181944410870803
0.41458207562456545 0.1771282930040169
0.2336790695648308 0.23090453467195599
0.14521049103525907 0.14680705647713363
0.14521049103525907 0.23684815829896155
0.10372177931089933 0.16469832921575905
0.10372177931089933 0.10221811779418005
0.10372177931089933 0.12613009887701618
0.10372177931089933 0.10768644241950551
0.10372177931089933 0.1043342828287537
0.10372177931089933 0.10117717588087208
0.10372177931089933 0.06767871052523713
0.10372177931089933 0.10502426607771648
0.10372177931089933 0.10128409755375267
0.40207444538472814 0.33608251289559166
0.187919467220848 0.3001768489189325
0.12263575947804288 0.22847661391568463
0.42342892647858676 0.42236461598229824
0.47651005959845816 0.4735710080692692
0.47834047728710943 0.47476828350245204
0.6717510855909381 0.6665852770001708
0.13819401587627406 0.13823897896299758
0.13819401587627406 0.13839243734820228
0.2077486282365739 0.21168232354252753
0.2687614313618843 0.215348139351472
0.20530811331198714 0.204120438980331
0.20530811331198714 0.2068990169934587
0.2050030576950836 0.15606333267633005
0.11531421470428264 0.1355255682841936
0.11531421470428264 0.11706536724365335
0.11531421470428264 0.11446097236921046
0.11531421470428264 0.11233627389135878
0.11531421470428264 0.11745661051664677
0.11531421470428264 0.11474995794858123
0.36424648505044105 0.3618633662133739
0.4081757256972592 0.40740727648927794
0.6345332644862014 0.34305328176144384
0.6537522862723768 0.48056671141686064
0.4810860198328564 0.4808719355418696
0.39902380522846265 0.39826692213431775
0.6513117853456618 0.6502680562612164
0.6921903858362144 0.6926847076474077
0.5338621393294393 0.5331100314897326
0.4945088589170194 0.49220954682233675
0.3746186839783385 0.37791811962017485
0.3672971252067066 0.32340833059680846
0.3672971252067066 0.3688825900857105
0.13941428033750325 0.22971398313752592
0.29804758246118196 0.29751902591176993
0.30811471177430416 0.3079046915523337
0.29042098207051814 0.2910667851994154
0.30048811138364034 0.2763533266605379
0.30384382115468106 0.20170528541473082
0.3020134314617731 0.20170528541473082
0.1055521690038073 0.19805129488521364
0.11561928431905785 0.16279286873875706
0.30048811138364034 0.25080023061469675
0.31452106170161037 0.31807727787948065
0.6012812643863126 0.6000742731993052
0.4545454672707924 0.45397165734131967
0.4646125685881713 0.46646948104430364
0.4310555268692506 0.4315928620486348
0.5253203020987065 0.5226466797869449
0.8059792524666209 0.804762503340666
0.7132397693195545 0.7120898530857621
0.3404515030298673 0.3360319696226882
0.41763271578083094 0.41523011303691737
0.33801097410740893 0.3363029095963278
0.4310555268692506 0.4271603926791656
0.3886516063005652 0.3834834204171982
0.5497254233488307 0.4974509656330952
0.30445393238848817 0.30606237357920546
0.3017083618469979 0.3019158062912317
0.2925564413782013 0.2907097750821601
0.2965222623830492 0.2850302921321263
0.10036607653879442 0.27032479038680046
0.31330078324250954 0.31660000402258026
0.2745576700553834 0.27507315757552786
0.3105552127010192 0.27770220242584764
0.3017083618469979 0.3041309142206991
0.30353875153990584 0.3060102186773163
0.44295301787953745 0.440882744133134
0.2718120715181498 0.26719100106789034
0.5820622426001372 0.5800542291374562
