真实值 预测值 2021-05-29 00:00 到 2021-06-09 10:00

0.0010971214037240767 0.0
0.0010971214037240767 7.473559072926905E-4
0.0010971214037240767 3.048373962030171E-4
0.0010971214037240767 0.001146363345912893
0.0010971214037240767 8.525680723298068E-4
0.013531163280076954 0.0012605666145911743
0.04613134093498667 0.047021858410358
0.1311843678662018 0.1579234484591555
0.2930358927584509 0.31772250335247165
0.5423436538054079 0.641690113750884
0.8761819983253629 0.9398837155455438
0.9311948164716729 0.9431710295669041
0.911185427154965 0.8537278792026931
0.8247218091193133 0.8348707332829691
0.6728488396923064 0.4841657469874817
0.43007158112046956 0.43898215669284035
0.1681207929030752 0.18790928309721366
0.047019488581206144 0.05689807965478011
0.004336241538760876 0.001980333439182691
0.004336241538760876 3.9037179481937745E-4
0.004336241538760876 0.002237113338822927
0.004336241538760876 0.0
0.004336241538760876 0.0
0.002455462139345315 0.0010849519756802595
0.002455462139345315 0.0
0.002455462139345315 0.0010393327568901656
0.002455462139345315 0.0
0.002455462139345315 0.0038941518770211347
0.002455462139345315 3.6495124825741687E-4
0.04863904939785311 0.028209688131238697
0.13761037110194846 0.09087803342555134
0.28791598618219 0.22916358521871516
0.5324173191933158 0.4856036967678029
0.8836529364217719 0.8703663576472503
0.8124444813424555 0.9543550272627278
0.8196019025430524 0.8274687499959629
0.8667781023770651 0.8183660724848522
0.7241000687749912 0.7244326388226138
0.46408233429794177 0.4777216091093407
0.20249726465181814 0.22907163175779488
0.038555980309968985 0.05473087632082774
0.006948435157383919 0.003208051137375212
0.006948435157383919 0.0010925834283393998
0.006948435157383919 0.0
0.006948435157383919 0.0016931304445463313
0.006948435157383919 0.001304518064297544
0.0010971214037240767 0.005434451370990634
0.0010971214037240767 5.240041439080745E-5
0.0010971214037240767 0.0
0.0010971214037240767 0.0013525428038977383
0.0010971214037240767 0.0
0.0010971214037240767 0.006726692739053353
0.12512408320172588 0.03132975279110639
0.16503840095115044 0.0945650395227623
0.2062065753292196 0.21936270206359787
0.19554882275227717 0.41951228754678127
0.3683193003756746 0.4627704996000582
0.9174024510896557 0.7147311315481445
0.6131341119272299 0.6976028762130221
0.09743482443178116 0.6233540663982834
0.13296066315864075 0.5042675354425007
0.024554621243627436 0.2802172061784304
0.05313202286536885 0.06090910417199169
0.0534454822281072 0.0285047018245691
0.0 0.0
0.0 0.0
0.0 0.0
0.0 0.0030875000262372554
0.0 0.0033244529883652563
0.0017762917715346959 0.0032011804244450603
0.0017762917715346959 0.004345729291597711
0.0017762917715346959 0.0030677571252147873
0.0017762917715346959 6.365334016599222E-4
0.0017762917715346959 0.0
0.0017762917715346959 0.004361444724010899
0.032600178104386854 0.030815147924745934
0.03390627476387267 0.093015962236355
0.18630166607419413 0.19227260758791787
0.4659108887989131 0.36605447519476464
0.6914999114963785 0.6708379066694806
0.3943367535037084 0.6735634057459433
0.6000731453323719 0.6569239490574016
0.6840290501107343 0.6926117309500351
0.5842432653260186 0.5590634157283044
0.35097434440877956 0.375781201818291
0.16153805998595935 0.15157055404509479
0.054490359555695846 0.02514458622441318
0.0011493652785312053 7.071475017169648E-4
0.0011493652785312053 9.255243327440654E-4
0.0011493652785312053 0.004818092463828028
0.0011493652785312053 0.0020806883065073167
0.0011493652785312053 0.008591700592377127
0.0010971214037240767 0.0
0.0010971214037240767 0.00206705251378303
0.0010971214037240767 0.003526395100366675
0.0010971214037240767 0.0
0.0010971214037240767 0.0027275836648136265
0.01170262795679682 0.0032918758687375815
0.06488689280074113 0.06972798013590797
0.15338802066630614 0.10544775597877021
0.29538686674552533 0.16338396027991664
0.4872786339836392 0.20171359834761582
0.5930724825796809 0.3937758664492811
0.5976176721059238 0.6639620885000169
0.5403061391810718 0.5253878262875854
0.1714121449783647 0.2918588260431899
0.24951674439330726 0.2682447180357236
0.3248001711882222 0.14006166009049814
0.17167336431026187 0.07392050182753629
0.03782456474233009 0.040156424234410015
0.007052923010003353 0.0033225481868842666
0.007052923010003353 0.0027291025652466105
0.007052923010003353 0.0
0.007052923010003353 0.03344174034375513
0.007052923010003353 0.0
0.0016718040312845455 0.0034811317086297366
0.0016718040312845455 0.0
0.0016718040312845455 9.639174035253051E-4
0.0016718040312845455 0.0014550201584749844
0.0016718040312845455 9.144223765363835E-4
0.0016718040312845455 0.0027828639289629864
0.061125332503652874 0.06503670029575936
0.14873831272299842 0.07637197924882166
0.3056266607203558 0.23418955859786472
0.6241575638977519 0.5308031300859543
1.0 0.6371501065257191
1.0 0.7203613176135298
0.9280601844889069 0.608179350852237
0.7753513745684409 0.5550012187659511
0.49892900467963786 0.36796106997316536
0.23598557916549603 0.17855923585960298
0.03197325218727595 0.06640364899130013
0.010866725735144194 0.011879096036069403
3.1346325820687905E-4 3.7385708636883397E-4
3.1346325820687905E-4 0.0
3.1346325820687905E-4 4.961993658759711E-4
3.1346325820687905E-4 0.0034709600049015465
0.0016195601424312562 0.0037747255096550747
0.0016195601424312562 0.0031516276760995554
0.0016195601424312562 0.0022684978935415545
0.0016195601424312562 0.004707661271298069
0.0016195601424312562 0.0
0.0016195601424312562 0.004439916241914976
0.03354056817865892 0.055267846059529835
0.10814481703956477 0.1330840806560839
0.2807585841592843 0.3535741789616803
0.569771702832301 0.6416184326405655
0.9539731575552584 0.8778673743691875
0.9760200614963023 0.9817257439588262
0.9503160485533156 0.6108824098677533
0.07690298206801056 0.5761655122759449
0.46909776081252025 0.394924129510586
0.048691289428694294 0.19849965724212304
0.0268533528026493 0.03612545006253065
0.006269265014311868 9.336692804150504E-4
0.006269265014311868 0.011815319417198045
0.006269265014311868 9.235848901872901E-4
0.006269265014311868 0.0
0.006269265014311868 0.0025030221888907578
0.002768925397552194 0.004005199011548943
0.002768925397552194 0.00297610646933244
0.002768925397552194 8.043181900500018E-4
0.002768925397552194 0.005708749429939819
0.002768925397552194 0.004919405704250868
0.002768925397552194 0.0017395334391309136
0.027375791466443623 0.04238650153135126
0.11451857065562464 0.11566509410980885
0.27741497287546235 0.31738585577963996
0.5530536655908828 0.6073274307030064
0.97591558143462 0.92472615771114
0.9663549653937985 0.9980156239302352
0.8666736223153827 0.9425061993362639
0.7186667220136832 0.6921358605066593
0.4781359381895473 0.5431543381205187
0.20646779466111675 0.20599702410586673
0.034063006842453246 0.03190802077832011
0.0017240479201378347 0.0063428325219937465
0.0017240479201378347 0.0
0.0017240479201378347 0.0013195389780867872
0.0017240479201378347 0.0
0.0017240479201378347 0.0
0.0010971214037240767 0.0
0.0010971214037240767 2.3836652126540958E-4
0.0010971214037240767 0.004336934099742895
0.0010971214037240767 0.0
0.0010971214037240767 0.008271695830624926
0.012643018031068884 0.008950722655886811
0.03411524927050583 0.04718430200393009
0.15161172537386722 0.13192744073249785
0.2771537535435652 0.3161555493780127
0.32516588975949295 0.6454423381444069
0.949584688121539 0.9618933946521829
0.9443603014835957 1.00593297689728
0.8151089530476507 0.9491006309134261
0.278668829504107 0.4323979685915368
0.29026696016926445 0.5671194191309336
0.1230343285465486 0.15237359256724325
0.025651743396480076 0.043294724774937454
0.004440729391380311 0.013318850925036263
0.004440729391380311 0.0
0.004440729391380311 0.0
0.004440729391380311 0.0
0.004440729391380311 0.0
0.0010971214037240767 0.013768277379099136
0.0010971214037240767 0.007324897590437307
0.0010971214037240767 0.01112740779520316
0.0010971214037240767 0.0
0.0010971214037240767 0.008140017043028469
0.0010971214037240767 0.0
0.04785539140216162 0.034417958840760154
0.11253330565097533 0.09608836847349977
0.14414085439937752 0.21947041375821563
0.25944307900539937 0.5022191057954891
0.7279138978694575 0.6877248547442597
0.8070633746119887 0.742887945468227
0.7933232492608127 0.9593403189021644
0.11869807996597923 0.786648413809835
0.31382895924854143 0.47227333543237393
0.07136513127290617 0.4233185048043594
0.08181390454879264 0.13079924232383988
0.04957943707491377 0.019294546855628814
0.006634972198828464 0.002909727999365619
0.006634972198828464 0.008612104286824906
0.006634972198828464 0.005726410848196584
0.006634972198828464 0.0
0.006634972198828464 0.0013094282004849633
0.0018285356229315569 0.0
0.0018285356229315569 5.95331909143515E-4
0.0018285356229315569 0.0
0.0018285356229315569 0.0
0.0018285356229315569 0.0
0.0018285356229315569 0.0079676562293588
0.05997597031995904 0.018692445233216337
0.13421451019843975 0.10341108271171173
0.28509483273985364 0.20610620287553616
0.4839350035221261 0.2724008109239523
0.6357034545320682 0.6276342289442872
0.838096254254601 0.7693032356637729
0.5714434988853665 0.7219094064724337
0.4226529597656667 0.6829826144241508
0.18797346212725946 0.3556085516733055
0.0356825676591002 0.27090848825970604
0.003082388655759073 0.08904209479408742
0.003082388655759073 0.0
0.003082388655759073 0.0
0.003082388655759073 0.0
0.003082388655759073 0.0
0.003082388655759073 5.362881066278691E-4
0.003082388655759073 8.03075984751378E-4
0.0010971214037240767 0.0036604443437912026
0.0010971214037240767 0.0
0.0010971214037240767 0.0
0.0010971214037240767 0.0
0.0010971214037240767 0.0030826728750962262
0.0010971214037240767 0.0044793652056106525
0.02439788916504686 0.03226676783171023
0.0670288922811824 0.06588431430172925
0.06676767294928525 0.12691593414773827
0.09931560937474808 0.1903088909878924
0.14267801846967693 0.40400533147242534
